"lcavol" "lweight" "lbph" "lcp" "lpsa"
"1" -1.63735562665224 -1.77843944464675 -1.02470580181492 -0.863171185944108 -2.52022569139048
"2" -1.98898046151158 -0.670640550245658 -1.02470580181492 -0.863171185944108 -2.28782750264386
"3" -1.57881887524452 -1.93593223026396 -1.02470580181492 -0.863171185944108 -2.28782750264386
"4" -2.16691708485556 -0.744813532594622 -1.02470580181492 -0.863171185944108 -2.28782750264386
"5" -0.507874475545021 -0.443616164324017 -1.02470580181492 -0.863171185944108 -1.82514966076486
"6" -2.03612850003653 -0.85347173470644 -1.02470580181492 -0.863171185944108 -1.4839087670471
"7" -0.519966552484107 -0.360767787802197 0.354857790199277 -0.863171185944108 -1.4839087670471
"8" -0.557312519159391 -0.227890462229164 0.990146852176848 -0.863171185944108 -1.40685319612907
"9" -1.80425376185739 -0.227890462229164 -1.02470580181492 -0.863171185944108 -1.23973996121824
"10" -0.956085392543682 -0.821823636662495 -1.02470580181492 -0.863171185944108 -1.23973996121824
"11" -0.929360462799632 -0.0977550656625185 -1.02470580181492 -0.863171185944108 -1.0494747988142
"12" -2.28833047626678 -0.108743189989431 0.804098890109084 -0.863171185944108 -1.0494747988142
"13" 0.223498042635745 -1.26819686219228 -1.02470580181492 -0.299282343395509 -1.0494747988142
"14" 0.107785900579401 -1.31779466002137 -1.02470580181492 -0.863171185944108 -0.979195407551878
"15" -0.122209174577791 -0.424192520594288 -1.02470580181492 -0.179808622711098 -0.935322534685686
"16" 0.16218009205512 -1.19129706195144 -1.02470580181492 -0.863171185944108 -0.89356485674146
"17" -1.49795329911197 -0.275201156367879 0.788388312888863 -0.299282343395509 -0.873417341931461
"18" 0.796247055070834 -0.00670053819162472 -1.02470580181492 0.394013433444243 -0.853727765067821
"19" -1.62233848470178 -0.775265058686461 -1.02470580181492 -0.863171185944108 -0.797209634149233
"20" -0.990720665633474 0.347720797572424 1.07379746062717 -0.863171185944108 -0.761480690493644
"21" -0.171901282087026 -0.4698092983726 -1.02470580181492 -0.863171185944108 -0.727167132166445
"22" 0.601742986363626 -0.305344964618424 0.947340175269643 1.09239344887235 -0.710506924674917
"23" -1.60758252372015 -0.55736956243119 -0.619561067575613 -0.863171185944108 -0.678117952731849
"24" 0.366273918837532 -0.404954455915495 0.232904454038073 0.971228994817146 -0.662366535347112
"25" -0.818536243105789 0.0296277191048623 1.03324036709687 -0.863171185944108 -0.646896408358497
"26" 0.0822224307984697 -1.06340845069493 0.137681330563162 -0.863171185944108 -0.616761053723681
"27" -0.710307384188832 0.134838078229467 -1.02470580181492 -0.442797987850012 -0.587638846301602
"28" -1.48519446664108 0.42947947922061 1.1828567951967 -0.863171185944108 -0.573436821844699
"29" -0.262791728386943 -1.05457699449362 0.0846342602233323 0.163172396606679 -0.545712725018356
"30" 0.899043117612469 -0.55736956243119 -1.02470580181492 1.28643254669728 -0.50572235944307
"31" -0.903451690271706 0.880901714809918 1.28380453074333 -0.442797987850012 -0.480052211987043
"32" -0.990720665633474 4.94309619366895 1.10586239250912 -0.863171185944108 -0.407312659785529
"33" -0.0633337896111685 -1.23901419507223 0.804098890109084 -0.863171185944108 -0.407312659785529
"34" -1.13696840667218 -0.775265058686461 -1.02470580181492 -0.863171185944108 -0.395761767461161
"35" -1.15393789974826 -0.877538580410187 -1.02470580181492 -0.442797987850012 -0.373112004376495
"36" -0.0353604964517086 0.940665768996854 1.42746880497015 -0.863171185944108 -0.340210426448145
"37" 0.0620203723335687 0.00894903892081536 -0.46882478263343 1.31421001413492 -0.277934225512725
"38" -0.757310277495637 -2.57289920020599 -1.02470580181492 -0.863171185944108 -0.248398270786071
"39" 1.11226993215715 0.870766280057546 0.877691037757278 1.43890404911238 -0.229252649792275
"40" -0.468768642925792 -1.28788962342109 0.576050411145932 0.0120483837711022 -0.174230726654678
"41" -0.618884860104243 -1.02831268143475 -1.02470580181492 -0.863171185944108 -0.156640191534118
"42" 0.0782203178563874 0.060252929779305 -1.02470580181492 -0.863171185944108 -0.147977078442521
"43" -0.65143199922221 0.42947947922061 1.11210018833805 -0.179808622711098 -0.130906494775697
"44" 0.357660176116294 0.491759767235047 -1.02470580181492 0.708239629678233 -0.089646121144697
"45" 0.115499102524206 -0.489680204234458 1.1365017360135 -0.179808622711098 0.0375401997465742
"46" 0.266341329721155 -0.523240460873694 0.354857790199277 -0.863171185944108 0.0649354972180457
"47" 1.16902610291018 0.690167262801331 1.22628985285011 2.02833774578884 0.0783149769019387
"48" -0.158539645775101 0.770066858212507 1.11210018833805 -0.179808622711098 0.0783149769019387
"49" 0.335735277307483 -0.311428258629206 -1.02470580181492 -0.863171185944108 0.0980045537655785
"50" -0.10960201289217 -0.170273690481879 0.877691037757278 -0.442797987850012 0.0980045537655785
"51" -0.218972367514954 0.686459031944757 -1.02470580181492 -0.863171185944108 0.154522684684167
"52" 0.263121415531864 1.17218797640169 1.35980652940414 -0.863171185944108 0.172571339376404
"53" -0.710307384188832 -0.0383693763419812 0.959844313826911 0.163172396606679 0.178504952230011
"54" 0.659269080867375 0.94393455021151 1.14838602584658 1.16308600129935 0.184398200057932
"55" 1.53024156485637 -0.275201156367879 -1.02470580181492 -0.863171185944108 0.196065771572094
"56" -0.0704736328999868 1.26340555631893 1.39364261018746 -0.863171185944108 0.207578287707484
"57" -0.31854913931827 -1.5859520935473 -1.02470580181492 0.486423064415661 0.268299600414324
"58" -0.751957285792353 0.22551170786545 0.911736067912361 -0.863171185944108 0.273614366101551
"59" -0.6852776525523 1.05821025022098 0.232904454038073 -0.863171185944108 0.28414706836765
"60" -0.244991501308214 0.39974269087201 0.82324655845457 -0.863171185944108 0.289365783486288
"61" -0.757310277495637 1.75546127181764 1.53428167062416 -0.863171185944108 0.31499795180641
"62" 0.549291074551346 0.134838078229467 1.04702626133595 1.4939450374894 0.325042169713611
"63" 1.20962937038786 -0.25732912673726 -1.02470580181492 1.24263233797767 0.325042169713611
"64" 0.580927893299138 0.532234874478246 1.31503288754657 1.63746068194391 0.349654736798103
"65" 0.613564469656482 -0.0597620746276417 -1.02470580181492 -0.863171185944108 0.349654736798103
"66" 0.0921458932854926 0.369560152510509 0.841876658362107 -0.179808622711098 0.354494437038185
"67" 0.570886990660974 0.454623224699602 1.16006887731047 1.07357183939531 0.382978233200568
"68" 0.719758684023882 0.801860710118838 1.52137231056796 -0.179808622711098 0.419555870619701
"69" -1.52406140122394 1.52197702041052 -1.02470580181492 -0.863171185944108 0.419555870619701
"70" -0.132431543663136 2.27069510652528 1.53428167062416 -0.442797987850012 0.428463960318713
"71" 0.436161292649202 -0.119791606109555 -1.02470580181492 1.07357183939531 0.463207627678331
"72" -0.161195192138771 -0.627413799967768 1.1365017360135 -0.863171185944108 0.484235458346806
"73" -0.114622420265622 0.347720797572424 -1.02470580181492 0.287866431584137 0.500697789160943
"74" 0.414849117279401 -0.837585508034565 0.232904454038073 0.971228994817146 0.5168531121601
"75" 1.3992718235574 0.39545850034939 -1.02470580181492 1.4939450374894 0.690331115905865
"76" 1.51967002325844 -0.782950445062365 -0.104527300520526 1.85927724720648 0.744294234006125
"77" 0.560725834834237 1.57280296947089 1.39364261018746 0.486423064415661 0.792185063867106
"78" 1.00765532517282 1.41372163009097 1.53428167062416 -0.863171185944108 0.82923660944349
"79" 1.10152996127404 -0.142071985977559 -1.02470580181492 1.97630171932325 0.848549920884047
"80" 1.21279521872729 0.34332435742841 -1.02470580181492 0.394013433444243 0.896321513233167
"81" 0.100001934325828 -1.17252239179721 0.316555062488395 0.287866431584137 0.89889980111801
"82" 0.98729163478467 -0.360767787802197 0.232904454038073 1.79270084935181 0.911677379216333
"83" 1.07158528172447 0.475339135673917 -0.432854618011051 0.528504606323753 0.94159588948265
"84" 1.12638163161257 0.373899742091121 0.699463296258758 1.3792711998068 0.946483372628968
"85" 0.180156323182398 0.115217277074142 1.09956762971997 0.708239629678233 0.96098252429754
"86" 1.65687973723822 -0.269226170422721 -1.02470580181492 1.79270084935181 0.998500878441241
"87" 0.572008532622781 0.15909823658908 1.06054182642759 -0.863171185944108 1.04104115000313
"88" 0.323806133581913 -0.571184839858333 -1.02470580181492 0.342907419961158 1.06898886688488
"89" 1.23668206752447 2.14518763141653 -1.02470580181492 1.89037692446546 1.30461652475771
"90" 0.180156323182398 0.0854228673415733 0.576050411145932 0.708239629678233 1.31263791623207
"91" 1.60906277036881 0.904354528200028 -1.02470580181492 -0.863171185944108 1.34400076535472
"92" 1.00362149964785 0.0500961930561737 0.860016435122629 -0.863171185944108 1.43041007350034
"93" 1.25591974255666 0.450454343736264 -1.02470580181492 1.07357183939531 1.65183388518305
"94" 2.09650591352599 0.491759767235047 -1.02470580181492 1.679542223852 1.9111157580625
"95" 1.32140243030576 -0.516483512298017 -1.02470580181492 1.89037692446546 2.30847307981776
"96" 1.30028987473158 0.244091482469776 1.00481276151772 1.24263233797767 2.59815178582978
"97" 1.80036660660731 0.648996206470085 0.232904454038073 2.20527909417393 2.68948034348642
